	Sample.type	PSM	lat	long	MAT	MAP	pH	TP	AP
1	Composts	7.603954934	34	133	15.5485707	1704	7.48	18000	595
2	Composts	6.934313613	46	127	3.67587504	535	7.8	11625	3645
3	Rhizosphere soil	8.033423402	10	5	26.66154154	1115	4.76	NA	10.61
4	Rhizosphere soil	8.282413757	11.02	97.55	26	640	7.45	270	NA
5	Rhizosphere soil	5.743649803	12.3	75.75	21.79863528	3310	6.7	64.6	2.85
6	Rhizosphere soil	6.266242362	12.97	77.8	23.93066665	175	8.2	11.4	2.85
7	Rhizosphere soil	6.204435275	13.88	75.97	24.51780184	2725.5	6.6	65.69	3.23
8	Rhizosphere soil	3.422442096	14	100	28.04226041	1013	5	NA	3.93
9	Rhizosphere soil	3.171921379	14	101	27.69957296	1299	NA	NA	5.42
10	Rhizosphere soil	8.505319472	-15.15	-43.82	24.27230231	818	NA	NA	NA
11	Rhizosphere soil	3.083224826	16	104	26.94617709	1339	NA	NA	2.23
12	Rhizosphere soil	6.491349365	16.05	-3	28.80155202	266	6.37	NA	3.22
13	Rhizosphere soil	6.361711219	16.13	-1.1	29.81696892	206	5.88	NA	483.93
14	Rhizosphere soil	3.533009022	-19.21	-40.1	22	750	5.5	273.3	NA
15	Rhizosphere soil	3.930031615	-19.24	-40.08	22	750	6.6	294.4	NA
16	Rhizosphere soil	5.671461659	-19.89	-43.44	20.0810833	1462	NA	NA	NA
17	Rhizosphere soil	6.009846765	20	111	24.5	1822.485714	6.11	NA	45.5
18	Rhizosphere soil	7.837447584	20	86	26.79047116	1433	5.41	NA	6.5
19	Rhizosphere soil	5.828065826	21	-158	25.1	1120	6.94	NA	NA
20	Rhizosphere soil	4.14924649	22	72	27.34978112	561	8.06	NA	228.69
21	Rhizosphere soil	6.005857461	23.47	120.87	12	2900	4.29	NA	NA
22	Rhizosphere soil	6.936188402	24	56	27.01084359	140	7.98	NA	30.72
23	Rhizosphere soil	4.892161412	28	78	25.30543747	803	NA	NA	NA
24	Rhizosphere soil	5.764322617	29	77	24.73107272	658	NA	NA	NA
25	Rhizosphere soil	5.385715995	29.98	104.1	17.1843959	1236	7.39	NA	9.17
26	Rhizosphere soil	7.885077886	3.87	11.53	23.47507302	1545	5.2	NA	10.98
27	Rhizosphere soil	6.355626199	30.01	101.7	-0.839947944	767	4.02	NA	21.79
28	Rhizosphere soil	8.694905515	30	69	19.83056242	263	NA	NA	NA
29	Rhizosphere soil	8.300087812	31	76	23.50422903	773	7.81	346.72	7.22
30	Rhizosphere soil	7.206823502	31	77	18.71879178	1425	NA	NA	NA
31	Rhizosphere soil	7.324692104	31	78	15.8235416	1509	NA	NA	NA
32	Rhizosphere soil	7.440907697	32	77	14.91422922	1448	NA	NA	NA
33	Rhizosphere soil	4.363147983	32	78	-4.812510406	511	7.6	NA	11.62
34	Rhizosphere soil	8.317540848	32.1	118.13	15.6693021	1002	5.32	160	7.6
35	Rhizosphere soil	7.739571648	33	76	8.954187466	1243	NA	NA	NA
36	Rhizosphere soil	4.381030802	33	77	-9.742104143	304	NA	NA	NA
37	Rhizosphere soil	8.322611868	34	73	18.44859376	1177	NA	NA	NA
38	Rhizosphere soil	6.313807633	36	127	12.98152085	1266	6.33	NA	158.33
39	Rhizosphere soil	5.773827712	37	127	11.7613644	1276	NA	NA	NA
40	Rhizosphere soil	4.535296652	4.23	-73.23	26.4981041	2866	4.55	NA	2.06
41	Rhizosphere soil	3.960137104	4.3	-73.22	26.52795831	3023	4.65	NA	3.11
42	Rhizosphere soil	6.128370832	40	41	5.243666656	476	6.74	NA	15.33
43	Rhizosphere soil	4.776243408	46	127	3.67587504	535	NA	NA	NA
44	Rhizosphere soil	8.482892391	6	100	27.14374995	2600	NA	NA	NA
45	Rhizosphere soil	6.209312565	8	-72	15.04721856	1832	5.1	NA	17
46	Bulk soil	5.833728333	0	34	22.51620817	930	5.72	NA	2.45
47	Bulk soil	5.380051971	0	35	21.98909382	1293	5.63	NA	7.08
48	Bulk soil	6.049571519	0	36	18.00503123	1005	6.03	NA	4.66
49	Bulk soil	5.790926629	0	38	23.9105622	561	5.63	NA	7.91
50	Bulk soil	5.878183879	-1	34	22.59946879	1000	5.59	NA	3.59
51	Bulk soil	8.2787534	12	80	28.34630505	1168	6.21	NA	NA
52	Bulk soil	8.041786972	12	93	26.92885256	2936	6.39	NA	NA
53	Bulk soil	8.303195867	13	75	26.85183366	3928	6.08	NA	NA
54	Bulk soil	5.008225325	-19.89	-43.44	20.0810833	1462	NA	NA	NA
55	Bulk soil	4.32039557	-21	-45	19.67896879	1644	5.4	NA	0.6
56	Bulk soil	5.684766392	22	87	26.62922919	1579	5.4	NA	1.2
57	Bulk soil	5.893369418	22	89	26.31357908	1912	8.15	NA	0.34
58	Bulk soil	7.200483289	23	114	22.15904192	1887	NA	NA	NA
59	Bulk soil	6.709917524	23	88	26.22923942	1349	6.36	477.39	8.57
60	Bulk soil	3.99878227	-23	-45	16.73565616	1531	4.93	NA	5.64
61	Bulk soil	5.889532518	23.47	120.87	12	2900	4.45	NA	NA
62	Bulk soil	6.494837792	24.9	104	14.20729181	1063	7.4	NA	2
63	Bulk soil	6.180387406	26.6	104.8	12.63967711	1093	7.7	NA	80
64	Bulk soil	7.062954528	26.8	104.6	11.63326034	1047	6.7	NA	2
65	Bulk soil	5.495713582	29	77	24.73107272	658	NA	NA	NA
66	Bulk soil	7.04169281	29.37	72.75	26.01370843	160	8.1	920	6
67	Bulk soil	4.826800181	30.01	101.7	-0.839947944	767	4.02	NA	21.79
68	Bulk soil	6.307477211	30.5	103	13.82526025	1093	6.8	NA	3
69	Bulk soil	4.011373056	32	78	-4.812510406	511	7.6	NA	11.62
70	Bulk soil	4.017422916	33	77	-9.742104143	304	6.98	NA	13.21
71	Bulk soil	4.183136924	-33	-71	14.01411479	398	NA	NA	7.28
72	Bulk soil	8.00086734	34	75	13.43323961	1023	6.34	NA	NA
73	Bulk soil	6.464446623	35	114.4	14.49389574	609	8.66	704	11.76
74	Bulk soil	6.49898725	39.9	116.2	12.41212499	575	7.6	NA	3
75	Bulk soil	5.578538359	-4	40	25.45930473	1113	6.93	NA	7
76	Bulk soil	7.872953663	40	116.3	12.41150002	569	7.8	NA	43
77	Bulk soil	5.417541501	50	-113	5.241229263	388	NA	636.38	5.96
78	Bulk soil	6.910866401	54	12	8.456437446	587	6.2	46.5	NA
79	Bulk soil	6.429548202	6	100	27.14374995	2600	NA	NA	NA
80	Bulk soil	4.879451431	8	-72	15.04721856	1832	5.1	NA	17
81	Roots	6.973123788	16.05	-3	28.80155202	266	6.37	NA	3.22
82	Roots	6.758400526	16.13	-1.1	29.81696892	206	5.88	NA	483.93
83	Roots	3.411395206	21	-158	25.1	1120	6.94	NA	NA
84	Roots	5.353084056	30.01	101.7	-0.839947944	767	4.02	NA	21.79
85	Roots	2.947433722	31	77	18.71879178	1425	NA	NA	NA
86	Roots	3.122543524	31	78	15.8235416	1509	NA	NA	NA
87	Roots	2.942504106	32	77	14.91422922	1448	NA	NA	NA
88	Roots	8.797036534	32.93	73.73	23.2710522	882	8.6	NA	NA
89	Roots	3.565847819	33	76	8.954187466	1243	NA	NA	NA
90	Roots	6.70328381	37	123	12.11136356	731	NA	NA	NA
91	Roots	8.132301846	6	100	27.14374995	2600	NA	NA	NA
92	Sediment	5.724203754	22.98	88.63	26.16988556	1602	7.43	5726.01	2.65
93	Sediment	5.587612199	23	88	26.22923942	1349	7.52	2697.32	3.25
94	Sediment	5.856675733	23.07	88.72	26.16988556	1602	5.89	5060.04	1.33
95	Sediment	4.414338146	29.93666667	116.1206667	17.22518756	1431	7.73	0.00033	NA
96	Sediment	4.445790956	29.95416667	116.1605	17.22518756	1431	NA	0.00037	NA
97	Sediment	4.017534159	29.9565	116.2051667	17.22518756	1431	7.3	0.00026	NA
98	Sediment	4.711064499	30.25	120.27	16.42483326	1277	8.6	2437	NA
99	Sediment	5.289838578	31.5	120.22	15.58829153	997	NA	2150	NA
100	Sediment	4.698204973	31.52	120.2	15.58829153	997	NA	2150	NA
101	Sediment	5.069712486	31.52	120.22	15.58829153	997	NA	2150	NA
102	Sediment	4.317269187	31.53216667	117.601	15.92098962	1217	7.2	0.00028	NA
103	Sediment	4.718186026	31.59166667	117.7501667	15.98360419	1154	7.07	0.00035	NA
104	Sediment	4.644556749	31.59633333	117.4046667	15.90235426	1162	6.81	0.00036	NA
105	Sediment	4.891604353	31.65033333	117.3965	15.90235426	1162	6.82	0.00037	NA
114	Municipal solid waste	6.70112846	46	127	3.67587504	535	7.8	11625	3645
115	Rock	4.483044982	50	-113	5.241229263	388	NA	720	13.05
