	Site	Habitat	PSM	long	lat	Elevation	MAT	MAP	TP	AP	pH	EC	NH4	NO3	WSOC	DOC
1	GDDBS	Forest	5.895851398	113.7030467	24.59785333	196	17.9	1768	361.7614516	3.564729129	3.787	0.289	3.290948279	379.7983972	10.42066667	0
2	YNDC	Farmland	5.892721231	103.0568267	26.18891667	2000	14.7	853	2153.154619	118.9625775	7.599	0.539	1.598315362	283.4436259	93.725	0
3	FJZJS	Forest	5.873266469	116.3905933	25.20083833	393	19.7	1682	222.2038697	3.252979674	3.888	0.123	5.539870054	0.554304035	152.215	0
4	JXYP	Farmland	5.863222865	117.7219417	28.20614833	73	18.5	1793	494.964567	19.08101443	5.146	1.845	0.368974719	293.7333281	4.147	106.39
5	YNLP	Forest	5.862951198	99.38988667	26.39706333	2362	13.7	1152	157.8280535	3.425393204	5.356	0.134	2.628783671	169.0249658	77.93	0
6	JXDX	Farmland	5.852550589	117.70947	29.02181167	317	17.4	1781	2125.47392	106.4549052	4.639	0.297	3.445610877	310.1034731	25.0155	471.805
7	FJZJS	Farmland	5.834819488	116.3803267	25.15662667	207	19.7	1682	789.5941482	29.11534992	5.975	0.475	0.224961699	322.575228	26.3915	0
8	JXDX	Forest	5.812694915	117.7269333	29.003805	331	16.6	1849	556.5871017	6.807775051	4.332	0.555	1.697972168	26.80170712	13.14415	99.5805
9	HNSKS	Forest	5.783334638	112.5644517	26.55602833	66	18.5	1390	403.2098183	4.186396878	4.002	0.299	3.590451323	229.341756	42.3035	0
10	HLJXL	Farmland	5.758553641	129.27377	47.47459833	217	1.2	636	1447.495463	91.50652081	7.096	0.43	0.903497444	178.9986785	90.37	0
11	NMGBY	Farmland	5.743570915	118.921765	44.44426167	942	2	395	481.4693278	21.6760414	6.546	0.437	1.095707177	415.869233	158.59	0
12	HBFS	Forest	5.736562019	115.4763483	29.83728	26	17.2	1414	640.9391222	17.23536472	7.696	0.517	1.411951641	381.4170986	62.8525	0
13	GSCB	Forest	5.732943018	105.7288317	33.94779167	1578	10.5	651	467.9393103	1.945090462	6.788	0.152	0.694609638	178.7020089	89.091	59.30666667
14	JXYK	Farmland	5.728668998	115.6360067	26.22076667	209	19	1580	448.8535259	17.36256269	4.505	0.144	0.968295793	209.8938683	3.28095	124.73
15	GDSL	Forest	5.727220849	111.6465783	22.14361667	26	22.9	1909	709.2719628	12.46379312	6.41	0.229	0.126096267	301.6563954	20.1015	0
16	JSYM	Farmland	5.724777306	118.9583467	32.16583	1	15	1016	795.660246	36.49225802	6.312	1.692	1.242604767	422.6753109	7.000166667	44.5845
17	NMGDS	Forest	5.721931583	107.0473817	41.09206333	1099	7.2	129	558.1910417	1.891319039	7.838	1.5	0.287008564	135.7323848	162.82	0
18	ZJSY	Forest	5.712678746	119.8253867	30.117335	106	15.9	1427	581.498282	7.352298566	4.351	0.285	0.357421124	341.0480257	5.7235	317.65
19	JXCMS	Farmland	5.709206549	115.8239733	29.68163167	21	17.2	1484	821.3494874	68.96313321	6.2	0.737	0.424324062	464.1042723	26.0295	294.2
20	SAAXFXSC	Forest	5.705297658	106.6024933	33.89272	1367	10.1	758	496.5079614	2.491283427	8.308	0.233	0.822985187	141.322976	104.5205	63.00533333
21	ZJSY	Farmland	5.703611068	119.8215233	30.11144333	85	16.5	1406	838.5085671	40.38831704	5.257	0.387	0.18706143	414.337679	20.457	198.47
22	AHXQ	Farmland	5.701635671	117.97375	30.93112667	36	16.4	1270	1433.998608	96.90318375	7.596	0.393	0.337069735	345.2726979	11.244	102.54325
23	YNSZS	Forest	5.701070342	102.0341633	24.87897667	1468	19	850	585.8071875	9.381907696	7.588	0.412	0.252713845	325.8243162	188.65	0
24	HNHSP	Forest	5.691158146	112.7030067	25.67813333	272	18.2	1446	357.0922823	2.617602175	4.709	0.17	1.199420426	183.3920905	121.425	0
25	HEBCJY	Farmland	5.690219486	115.2716883	41.43775333	1463	3.3	401	386.842521	26.65227927	7.916	0.518	0.2478119	439.3617666	84.06	0
26	YNHZ	Farmland	5.687359672	103.7252383	26.64416667	2518	10.5	951	1411.687391	43.39962457	6.316	1.367	0.630412635	441.0020307	115.53	0
27	GXND	Farmland	5.68037793	107.6220533	24.82599167	438	20.1	1402	848.5708133	30.95277738	6.644	0.208	0.169403596	216.1399239	11.811	129.5055
28	YNLP	Farmland	5.666244028	99.39872833	26.39589667	2266	14.2	1156	914.450446	61.3888691	7.448	0.203	0.106565253	166.3505325	117.44	0
29	LNQCZ	Farmland	5.646548391	123.6008183	40.70888167	286	6.3	896	961.3182466	10.26303392	7.041	0.217	2.297301757	178.3556935	113.765	0
30	SAAXFXSC	Farmland	5.626892159	106.5948917	33.892345	1296	10.1	758	684.6384535	23.9604809	7.778	0.577	0.615259095	437.9426476	46.682	140.376
31	AHXQ	Forest	5.613832191	117.9731483	30.93133167	35	16.4	1270	501.2299838	7.00224771	5.282	0.517	0.254687035	424.9396697	13.07466667	101.38225
32	HLJXL	Forest	5.603230659	129.2740467	47.47429167	228	1.2	636	838.5338104	16.86065689	5.064	1.174	0.81872845	460.729486	129.08	0
33	GDDBS	Farmland	5.587951082	113.7030467	24.59785333	196	17.9	1768	720.6461607	39.56492818	4.554	0.408	0.100634858	404.7103612	7.008666667	0
34	SXSBH	Forest	5.583951384	111.6543683	35.25878	574	12.6	552	624.2353447	6.20218202	7.642	0.696	0.850391217	269.1925645	84.2035	417.832
35	NMGDS	Farmland	5.559322535	107.0885117	41.11035333	1036	7.7	124	938.5112083	11.64014529	8.026	5.587	1.28325286	390.4843395	29.4185	0
36	JXCMS	Forest	5.538823932	115.8261433	29.683145	29	17	1511	565.3919962	24.5401317	5.504	0.148	0.659326125	201.5742715	13.37765	285.09
37	LNQCZ	Forest	5.511123507	123.6002967	40.7083	296	6.5	890	810.127954	10.57091079	5.871	1.01	4.99012284	0	811.505	0
38	HNHSP	Farmland	5.488926364	112.7231433	25.69602333	248	18.2	1446	854.3283695	27.53264861	6.559	0.286	0.73923236	295.6366392	166.525	0
39	GXND	Forest	5.482232429	107.6214733	24.83664333	457	19.8	1407	218.5788549	2.083941968	4.94	0.106	0.200833646	68.38800925	2.614	199.163
40	JXWS	Forest	5.473071713	115.6497467	29.7383	27	17.2	1440	812.5275889	41.52181547	6.246	0.229	2.383824356	217.6057644	176.10105	569.25
41	SXSBH	Farmland	5.465948396	111.6588833	35.26569833	522	12.6	552	902.9874433	20.67506962	8.2	0.5	0.429959217	371.376886	19.585	23.7997
42	YNSZS	Farmland	5.446131126	102.0334417	24.87889167	1472	19	850	1129.392757	69.21956681	6.497	0.652	0.601746644	455.4411898	143.11	0
43	GDFK	Forest	5.43128866	113.6288333	25.05260667	132	20.4	1491	875.4370436	18.21759786	8.083	0.378	0.231611652	272.7211406	22.927	0
44	GZLS	Farmland	5.423808979	104.01472	26.75056667	1719	11.9	899	1202.666352	26.08272609	5.939	0.343	0.30810059	367.2470123	79.6465	349.942
45	GSCB	Farmland	5.419848075	105.7585167	33.94789833	1339	10.5	651	1020.136892	48.06245746	6.668	0.288	0.401503457	298.0517943	88.947	61.30133333
46	HBFS	Farmland	5.405277681	115.4761367	29.83743833	23	17.2	1414	1245.608436	81.997322	7.737	0.544	0.644096596	402.2712914	17.8715	0
47	HNSKS	Farmland	5.372653691	112.5650133	26.5503	83	18.5	1390	680.2454567	27.01099407	4.557	0.366	1.31625136	286.4531519	38.3365	0
48	JXYK	Forest	5.32981883	115.6360233	26.22066	204	19	1580	273.5957324	9.418322553	4.439	0.065	4.82807682	3.540194218	47.4882	133.398
49	GZLS	Forest	5.300240645	104.0146833	26.75063167	1728	11.9	899	835.0637093	1.402657097	5.395	0.221	0.188932515	257.0887433	70	289.797
50	JXYP	Forest	5.281254707	117.7141233	28.20774	120	18.3	1815	209.3757221	9.140218453	4.125	0.064	2.389060369	25.44666015	27.8869	133.955
51	JSYM	Forest	5.27363128	118.9562317	32.16302833	39	15.6	996	889.1158041	15.88978564	7.686	0.679	0.618796881	252.7341857	7.979666667	61.309
52	YNDC	Forest	5.268526828	103.1006167	26.193145	1123	19.5	726	817.0046843	5.618636919	8.206	0.155	1.229316524	17.71827214	83.555	0
53	GDSL	Farmland	5.237646858	111.6462233	22.14442	25	22.9	1909	1466.098694	71.99063794	7.088	0.238	0.147587872	245.5161951	3.598116667	0
54	JXWS	Farmland	5.195565346	115.6475067	29.74392167	46	17.1	1446	797.268354	57.88524622	7.435	0.574	11.62104837	179.0813653	66.937	263.01
55	YNHZ	Forest	5.138170341	103.724835	26.64590833	2520	10.6	944	207.0614306	2.553861317	6.254	0.343	0.37492014	111.1120326	88.78	0
56	GDFK	Farmland	5.097104154	113.661495	25.05477	111	20.4	1491	709.8915689	49.49141192	4.576	0.409	0.318486923	374.1191777	8.905166667	0
57	AHXQ	Mined land	4.750045876	117.977325	30.92865833	37	16.3	1273	6.139396837	0.426636028	7.108	6.28	1.576670687	5.497005636	34.56151667	0.2725
58	HEBCJY	Grassland	4.610810918	115.2743433	41.43145167	1503	3.1	404	282.2942233	2.094436593	6.291	0.392	0.106185391	289.8109911	74.381	0
59	NMGMD	Grassland	4.546050328	116.5145717	44.17327833	1106	1.3	307	326.5436277	4.920811956	7.502	0.065	1.938481632	6.368824978	215.935	0
60	JXDX	Mined land	4.541481935	117.7240833	29.002485	306	16.6	1851	56.81654186	0.19960387	8.253	3.503	0.315435457	10.385085	3.53565	6.29565
61	QHST	Grassland	4.440232817	99.80061833	35.31682333	3580	-1.2	379	375.2691167	5.836498066	8.443	0.273	0.260603505	186.9715915	65.718	74.53
62	NMGBY	Grassland	4.432808362	118.9291883	44.44101333	997	1.7	405	289.218872	4.195668851	6.982	0.33	0.940002645	315.8179758	74.595	0
63	XJASL	Grassland	4.391511818	86.320135	48.26228167	872	3.2	241	461.5441861	15.43924721	6.741	0.667	2.767950312	214.6814853	282.81	0
64	SCGZBY	Grassland	4.361430069	99.567895	31.17372167	3791	4.5	591	1179.128273	4.77951207	5.284	0.395	0.994639657	306.2318619	125.7	0
65	GDSL	Mined land	4.331522772	111.644505	22.13872833	47	22.8	1917	335.5366756	5.615219119	6.714	0.084	0.066810644	8.501742334	122.91	0
66	NMGZJ	Grassland	4.323286514	107.0827183	41.156985	1178	6.7	131	611.0685412	2.2023524	8.735	0.247	0.695400589	31.10691068	23.44185	0
67	QHST	Mined land	4.319977138	99.80896333	35.32498	3641	-0.9	379	242.6906205	0.438854899	7.424	2.268	0.631446525	49.10075144	51.6315	26.5365
68	QHCDM	Gobi	4.279301058	95.53895	37.32314667	3124	2.5	83	672.5124617	2.741725491	8.75	10.083	0.541894739	74.31643155	102.9795	88.59785
69	XZYL	Grassland	4.272235222	97.90838833	31.362695	3967	3	511	502.8849226	3.883853745	7.799	0.373	0.417865291	278.3016017	48.2165	0
70	XJKKTH	Grassland	4.264779932	89.795935	47.19266167	1217	2.2	152	476.1403598	8.622633254	8.1325	0.2325	1.168973239	117.680755	210.05	0
71	XJQXHL	Gobi	4.247792242	89.65021167	46.77382167	983	3	166	1014.179919	21.74406973	8.052	0.147	1.30040113	44.68391726	97.325	0
72	YNDC	Mined land	4.242732268	103.10089	26.19227167	1108	19.5	726	270.3845002	1.993925836	9.014	0.497	0.058948134	1.980165189	131.705	0
73	HNHSP	Mined land	4.139256997	112.70138	25.67885333	324	18.2	1446	9.283333944	2.079889774	6.373	2.582	0.830912848	4.189670411	334.255	0
74	XJKKTH	Mined land	4.114401164	89.80060333	47.1998975	1201	2.1	152	551.9946184	6.574378545	8.49	0.146	0.885274657	20.51761025	183.4905	124.11
75	GSJC	Gobi	4.097393685	102.2509567	38.48338333	1530	7.6	146	295.5221127	6.468093139	8.115	0.22	0.358288341	50.76062909	134.275	26.956
76	HLJXL	Mined land	4.072230528	129.2914817	47.45098833	211	1.1	636	709.0004108	0.968795534	6.803	3.456	0.938375123	2.746451886	61.235	0
77	SCGZBY	Mined land	4.066176415	99.56885833	31.17411167	3797	4.5	591	199.8801013	1.075204623	7.128	1.033	0.127950808	0.822836413	28.075	0
78	HEBCJY	Mined land	4.056111321	115.251655	41.42231667	1465	3.5	399	1339.471185	3.848381919	7.804	3.187	0.851932481	21.02096499	49.3495	0
79	NMGZJ	Mined land	4.055703798	107.080975	41.15875333	1215	6.5	133	1516.896332	3.366323017	6.307	5.538	0.941483787	217.6599165	7.32145	0
80	SXSBH	Mined land	4.037182032	111.6511283	35.261405	576	12.6	552	1138.166219	3.976571446	8.467	1.17	0.05833251	18.57663581	2.23455	59.94133333
81	LNQCZ	Mined land	4.036028867	123.58344	40.71797	285	6.5	886	1554.080925	6.829082623	7.751	0.764	0.06412046	1.265532003	111.975	0
82	JXCMS	Mined land	4.035953413	115.8266717	29.68796833	40	17.3	1478	317.7723547	4.313742199	2.603	4.969	2.262037434	0	8.4335	15.6905
83	FJZJS	Mined land	4.010236135	116.3897617	25.20264333	428	19.7	1682	223.8182214	0.799770664	3.759	1.356	0.090688343	0	8.014	0
84	YNLP	Mined land	4.008577096	99.38822	26.39426167	2352	13.7	1152	191.9420079	0.459374233	7.706	0.797	0.028631755	1.431005044	181.87	0
85	NMGMD	Mined land	4.004787241	116.5500433	44.19548333	1157	1	312	991.9065883	12.5224035	3.353	3.845	1.120697248	25.98808505	56.939	0
86	XJQXHL	Mined land	3.987147302	89.669495	46.81069333	1013	3	164	1321.407673	0.72605238	8.792	2.289	0.161126076	48.50190039	49.9775	12.3605
87	JXYK	Mined land	3.976590178	115.6382683	26.21894667	222	19	1580	212.1256111	2.436934365	6.569	2.544	0.913219451	2.707615411	2.3474	5.319025
88	JXWS	Mined land	3.948231847	115.6555567	29.749905	76	17	1460	88.4320313	4.472526954	7.839	3.182	0.652637656	0.80435974	8.775	18.1451
89	SAAXFXSC	Mined land	3.934424879	106.602385	33.89311667	1350	10.1	758	28.40057153	0.371083416	8.292	1.079	0.050905239	3.600060664	6.48585	29.30666667
90	XJHM	Gobi	3.907906149	92.61388667	42.13221167	600	11.6	25	524.4694332	3.636928768	7.591	19.706	2.223879176	129.0821745	63.324	0
91	NMGDS	Mined land	3.896107936	107.0452567	41.09751167	1136	7.2	129	632.3806257	0.621506892	6.952	6.232	0.955977389	72.68604506	2.71715	0
92	JSYM	Mined land	3.883292782	118.9583117	32.16564667	5	15.6	996	56.19514379	0.292349755	3.433	12.602	3.140818336	0	34.28265	51.0215
93	JXYP	Mined land	3.83873192	117.70903	28.20952833	155	18.4	1806	323.7933881	2.474225523	7.457	1.128	0.36817261	0.845756323	1.12087	35.208925
94	XJHM	Mined land	3.809518735	92.65053167	42.12512833	561	11.7	25	469.4910606	5.055886523	8.845	15	0.437345216	306.8271033	16.27	37.72245
95	ZJSY	Mined land	3.776641806	119.8209667	30.11114333	85	16.5	1406	70.73363876	1.406696273	7.589	2.154	0.693502929	2.577672737	4.6275	25.923905
96	GZLS	Mined land	3.745107055	104.0146483	26.75060667	1723	11.9	899	98.22688109	2.252363807	2.902	6.82	2.395751235	0	133.67	118.6781
97	HNSKS	Mined land	3.739490397	112.571115	26.54469	124	18.1	1410	797.8082543	2.479384651	3.365	1.321	2.007774382	0	5.60815	0
98	HBFS	Mined land	3.738260314	115.476805	29.830675	40	17.2	1414	326.9308236	0.826581501	7.639	2.385	0.869588106	8.175414019	5.24146	0
99	XJASL	Mined land	3.733014297	86.34166833	48.25036833	846.5	3.25	237	684.4142	12.60673265	7.4425	0.629	1.424329824	131.2751751	130.4075	173.04
100	XZYL	Mined land	3.714433221	97.75205333	31.41093	4580	-0.2	522	815.2933534	12.92588382	8.22	0.153	0.132343521	18.69512182	127.2645	0
101	GDFK	Mined land	3.587837146	113.6612883	25.04437167	138	20.3	1504	202.036108	0.503317686	1.949	11.007	3.48830301	0	164.21	0
102	YNHZ	Mined land	3.522178015	103.7235033	26.64356167	2520	10.6	944	131.8137039	1.115714815	7.768	1.099	0.362292176	17.59874357	133.245	0
103	NMGBY	Mined land	3.462927126	118.9342017	44.44348167	976	2.1	394	381.6743054	0.9382071	8.723	0.269	0.065534669	1.760815469	59.155	0
104	GSCB	Mined land	3.349854746	105.714205	33.94689333	1512	10.9	641	552.1158757	2.691300105	7.243	2.274	0.52753549	3.322442239	94.8935	28.3984
105	GXND	Mined land	3.042420747	107.6224217	24.834055	449	19.8	1407	1935.705343	74.47049274	5.507	1.506	0.743765563	0	4.22152	16.6785
